-9.325048084265019632e-02 2.877020732788930762e-03 -4.785632829048887260e-02 3.662812377411824027e-02 2.761262351455246247e-02 1.016587112430596684e-01 3.810658617712225308e-03 4.030972105074530354e-02 -8.039472131075915684e-02 -6.712552509148349278e-02 2.304819924164450418e-01 -3.374437324847032876e-02
-9.325048071425143248e-02 -1.696331726565527068e-02 9.002764789459580252e-02 7.483902268866769736e-02 3.774314523937959132e-02 1.146234518608624797e-01 1.638657660811929651e-01 -9.882638675139961137e-02 -7.248143662429216982e-02 9.869076173878724850e-03 1.252402127404790740e-02 7.134596263224614321e-02
-9.325048069896699210e-02 -1.932507547234959752e-02 -1.728400409116848460e-02 -1.330898283606291033e-01 1.286936714946441407e-01 -1.269321520998888120e-01 -1.020262887702511230e-02 -1.309120855744973777e-01 2.894446284853753604e-03 1.450056107313080211e-01 8.157961863423678073e-02 -6.754612628838745081e-02
-9.325048051433067198e-02 -4.785529133221949616e-02 -7.574050442284903373e-02 -1.356930573639960301e-02 -6.109043996474102650e-02 -1.533698151987886171e-01 7.375193927674329741e-02 4.170447348128530907e-02 -1.233550292180891766e-01 3.296611716430944417e-02 -4.344851008861527059e-02 -2.708131291504293006e-02
-9.325048033281217730e-02 -7.590372477871534795e-02 -1.211299250674760936e-01 1.467063743743552903e-02 2.159648374618036715e-02 8.138190921547983070e-02 -3.888718054391861190e-02 6.374879418209905557e-02 -9.592759962461740175e-02 -8.399539360925466214e-02 2.411292787198501819e-01 -2.136397576318227812e-02
-9.325048100775673587e-02 2.838943916803480377e-02 -9.803985838441182932e-02 1.318354427607894459e-02 3.418161572942324256e-02 -1.594409351383919149e-01 7.942219338463923917e-02 8.519976463139861123e-02 -1.340866975423142815e-01 2.049764322659811469e-02 -5.821499606617209534e-03 -1.134427799148699650e-02
-9.325048127343979476e-02 6.944309157495064111e-02 1.204392831107656964e-02 -1.047151320599143121e-01 -2.172403244084457688e-02 -3.087935404887002383e-02 -3.371118066530916918e-02 -1.266832752961618291e-01 5.393889691314851520e-02 1.435891029930157770e-01 6.652881655111546333e-02 -8.817157331017760891e-02
-9.325048273400168841e-02 2.951307132037135905e-01 -1.121793150707937198e-01 1.091565408423355102e-02 -1.920867459676961209e-01 1.511467177510899262e-01 -5.679629453239362635e-02 -1.481514593986609125e-02 1.798595449584075578e-02 8.244228446341489436e-02 -1.483599997834520179e-01 5.244619100224018338e-02
-9.325048053449602747e-02 -4.473931733955532897e-02 -1.693422136245641418e-01 -6.041702305641633713e-02 1.654821853314508429e-01 1.334851478959636628e-01 -8.881875518454421248e-02 1.409663132629007838e-02 -2.362913127908681035e-02 5.918045253436679531e-02 -8.820637697956043577e-02 7.855540561577233072e-02
-9.325048063428348355e-02 -2.932005035829281930e-02 -1.277611641012916521e-01 -1.290446838119001759e-02 2.977695657987563041e-02 1.215675187621807624e-01 -6.120902521536864677e-02 2.631971808378149105e-02 -6.255016188536774435e-02 -2.632938257727547929e-02 2.203243690640773744e-01 -2.274553663644809042e-04
-9.325048158350540684e-02 1.173547629442867196e-01 -8.472372628788790716e-02 -1.589730546856122154e-02 7.553056278060547857e-02 -2.147797830594673496e-01 1.040562406650556854e-01 5.182840303304486751e-02 -1.473456837997590418e-01 6.446283450931981907e-02 -3.998093162762438729e-02 -3.491667249762156477e-02
-9.325048150580639295e-02 1.053486249977446804e-01 -7.712330176135981374e-02 2.563763274593934202e-02 1.336313448126842385e-01 -7.977642674102428111e-02 1.073506152172784903e-02 8.589207157781658664e-02 -1.196666608070291599e-01 -4.007331376890369695e-02 5.490397588859523281e-02 -2.639588501716108246e-02
-9.325047999591368209e-02 -1.279616489968389559e-01 9.813317641796177881e-02 -1.634082279668198356e-01 1.321602593199491527e-01 -6.516592688201418293e-02 -9.904549726025572987e-02 -8.690712021502518259e-03 -6.462355667106481349e-02 -1.125172451523886036e-01 -3.079744926440634856e-02 5.924903249938449912e-02
-9.325048187104033326e-02 1.617849734837419340e-01 2.900725539988077001e-02 -4.825823707215454866e-02 -2.101987200324501592e-01 -7.425285326452531025e-03 -1.273361460204869636e-02 -1.860617873435807257e-01 6.055411717021746271e-02 1.218572679412227300e-01 1.050366777605466484e-01 -6.121670944608498255e-02
-9.325048151098390414e-02 1.061486581692277775e-01 1.083623889631232934e-01 -1.676476856438494922e-01 -3.096200915297022890e-02 -5.221908674168219966e-02 -8.834508932694869199e-02 -3.384453246601144827e-02 -6.463976663852466498e-02 -8.680982191913610979e-02 5.229207123799772122e-03 9.333501031882725230e-02
-9.325048150133263825e-02 1.046573336707013191e-01 3.009778372783358715e-03 -8.006553619329298543e-02 -8.977310954772486917e-02 -3.218055426378389761e-02 -3.844932676851505610e-02 -1.497047719896729134e-01 8.250867628042124480e-02 1.233487813157599922e-01 8.801015482521344635e-02 -3.215581282997709983e-02
-9.325048114687564671e-02 4.988625103341411127e-02 -7.685699327985887064e-02 2.822052270357036652e-02 -6.184236728000312711e-02 6.683838664580013522e-02 -3.671768236433871346e-02 3.841188475168540867e-02 -7.325705246998535924e-02 -1.170087766911424437e-01 2.425113290033721059e-01 -3.967677416271494367e-02
-9.325048140207517489e-02 8.931996480209461464e-02 7.827858796243075679e-02 1.330342780425923244e-01 6.136992126949324805e-02 -3.052957801436274529e-02 -1.469541520487934738e-01 -3.672710760094999999e-02 -5.094758181290761495e-02 -4.561427043616868987e-02 -3.648592192437128540e-02 -1.200537121142109948e-01
-9.325048164198375400e-02 1.263908998148678131e-01 1.412676391808141418e-01 -1.368861446571814078e-01 -8.850804086801597470e-02 -1.119068457276410069e-03 -6.207304933750033143e-02 5.036802234285252255e-02 -4.758576733449537688e-02 -1.116673461475225643e-01 -4.652380824186179431e-02 7.914353454548990474e-02
-9.325048118911348494e-02 5.641288777479525757e-02 1.144771052472022405e-01 -4.620188648373030338e-02 -1.871415473928664079e-03 9.839520019553542329e-02 9.927579080361921549e-02 1.585767984139250519e-01 6.635703096754078101e-02 3.403250283865512371e-02 -4.706005699551277233e-02 -1.570486170023522310e-01
-9.325048139679856241e-02 8.850462029576897094e-02 7.534414494662979023e-02 1.592368883982613059e-01 1.346465854138602196e-02 -1.320841305318402360e-02 -1.503175023437711422e-01 -2.642374807022338651e-02 -1.830449298189321464e-02 1.743688728850399487e-03 -8.505749601861363474e-02 -7.307620571059333936e-02
-9.325048102423762197e-02 3.093610272723128218e-02 -1.335338377584142366e-01 -4.394425766176097287e-02 9.063264341096828602e-02 1.144184607256240327e-01 -9.276974435355944681e-02 -3.969483458441722123e-02 3.865584007692629553e-02 7.879158897000100581e-02 -1.727833693971312368e-01 6.391844456093420668e-02
-9.325048140654078332e-02 9.000999719797458942e-02 -1.485324354616832931e-01 -3.175003666581757700e-02 -2.322722877922170359e-02 1.697759603883655100e-01 -9.512452707949067832e-02 -9.513510845373517044e-03 -7.021047752031277407e-03 8.863715954907673555e-02 -9.585331810688321741e-02 7.876853368981198700e-02
-9.325048036716818145e-02 -7.059499083544615305e-02 -1.386454863780124114e-01 -1.479945632137756074e-02 9.277687981472849954e-02 1.143828352980658242e-01 -5.848601653824391650e-02 5.051230670712768267e-02 -7.818313703244039736e-02 -5.466400000074360388e-02 2.122213675600292115e-01 4.432626089952654107e-03
-9.325048154880349882e-02 1.119925795194651325e-01 -3.777833970676507808e-02 6.202703976306208483e-02 1.119538951648729047e-01 -2.777622682130545181e-02 4.393900223147189157e-03 3.007509174807843425e-02 -4.116707376214720493e-02 -7.506996721752777491e-02 2.976885475456205951e-02 -7.678118586143860280e-03
-9.325048160505654271e-02 1.206848658204397740e-01 8.550236170348275710e-02 6.898877573791392659e-02 5.701640793590314477e-02 9.271597859757806093e-02 1.896276550879475442e-01 -1.610247714600203106e-01 -6.599149202820020488e-02 -5.162953114482393691e-03 6.988659596589654778e-03 8.756145558770389581e-02
-9.325047952027527842e-02 -2.014578158764507854e-01 8.473864793647592486e-02 -1.135215251609729692e-01 -1.370312436863135308e-01 -2.720123110186693435e-02 -8.846943023503490988e-02 2.566104208361621314e-02 -8.225881756964779912e-02 -1.174930626851111992e-01 -4.663265329360863354e-02 9.798129584757886423e-02
-9.325048028001609035e-02 -8.406184173281922023e-02 8.712530824147333985e-02 1.539189784628336999e-01 -5.067875740613674018e-02 -1.802466137462867875e-03 -1.229912720110473007e-01 -5.504411551425979210e-02 -5.532314533679360408e-02 -1.572991887318905130e-02 -6.331383023844708302e-02 -7.721412216225898018e-02
-9.325048004807690027e-02 -1.199013402513143950e-01 -8.277797895851156385e-02 5.308884618374783149e-02 -1.081673149613689988e-01 6.941054499297220903e-02 -7.362271857966064259e-02 6.358672387041512664e-02 -1.090659753298043877e-01 -8.373745413224724377e-02 5.541416019630064638e-02 -2.335724835634226879e-02
-9.325048098248274464e-02 2.448408171477259657e-02 9.088164489032898863e-02 -6.222509186875142817e-02 4.596532092098651323e-02 8.107691797547687818e-02 9.184721049854577268e-02 1.939449216769990325e-01 9.739113270105764775e-02 4.978855796879381318e-02 -2.365357105052536338e-02 -1.726341009232722212e-01
-9.325048020432367968e-02 -9.575790636806566503e-02 6.456771539903695400e-02 -4.195169245213336423e-02 -1.091516299176566521e-02 1.139309166096822840e-01 1.091439117325065655e-01 1.712686161590296352e-01 7.402025186852280447e-02 6.389109698833511652e-02 -3.914759295667350619e-02 -1.851161781668518025e-01
-9.325047983823452069e-02 -1.523264049161959510e-01 1.010583828641804099e-01 -2.140793577804152581e-01 1.538878941128302424e-01 -4.012839508600602595e-02 -4.467670336010260562e-02 3.398804840695263813e-02 -2.565101246888423434e-02 -7.737944703581761674e-02 -3.088168596941480090e-02 3.021480239901167680e-02
-9.325048075807135239e-02 -1.019221364071514445e-02 -1.270103877072256866e-02 -9.141212176181873206e-02 -1.348206112680327140e-01 -8.630926705831631560e-03 -3.944440523586245639e-02 -1.691797377306681338e-01 8.974522769877438244e-02 1.305606923785588569e-01 7.563284754756743888e-02 -6.649848368176282387e-02
-9.325048051976111974e-02 -4.701617482962467537e-02 9.197478367504705044e-02 4.874276072484423628e-02 1.145108360012300486e-01 1.305199428740663470e-01 2.166695051984394993e-01 -1.299077149018825761e-01 -1.035955796348252272e-01 -2.386194645898499897e-04 1.893544058141747102e-02 7.720970452113895544e-02
-9.325048043222013139e-02 -6.054310202145044700e-02 1.206401747989245404e-01 -1.582944935036790790e-01 -6.135020935562051497e-02 1.067271734882952296e-03 -4.907298242048951237e-02 7.660012587423828401e-02 -3.194642304934545290e-02 -9.854850790574160024e-02 -4.375222036015243704e-02 5.630460425613585673e-02
-9.325048082664111337e-02 4.032519104887003088e-04 8.958752159206417875e-02 -3.860285392636063351e-02 -5.031461237131697878e-02 9.925576357236498559e-02 8.087782796139288133e-02 1.876725592627022932e-01 9.185003396378928209e-02 4.667752599350972337e-02 4.201658257226010933e-03 -1.484220287016773665e-01
-9.325048131169652588e-02 7.535455272040754438e-02 1.174686177211897442e-01 -4.007660378492446801e-02 1.459022756894448880e-01 -3.018163467345420445e-02 -3.832432354347793668e-02 1.195371541223052593e-02 -2.722429733274685237e-02 -5.334292714472652769e-02 -9.181193540136393938e-02 -2.524094657173402839e-02
-9.325048112795333854e-02 4.696235195735098955e-02 1.102032794244159897e-01 6.900661098910131075e-02 8.916291295148515150e-02 1.046825755233453531e-01 1.746448728653547111e-01 -1.363787335652033306e-01 -9.398384780916925474e-02 -7.808339479260384929e-03 -2.038783442554639724e-02 6.869390896988572526e-02
-9.325048012040133838e-02 -1.087256823175657278e-01 6.678081684556584630e-02 -1.559778958811574301e-01 7.076904094611169991e-04 -3.019021426286914653e-02 -9.190371464119993783e-02 3.952257040677182795e-03 -8.046041970533981957e-02 -1.182071874523823868e-01 3.057146509377801566e-02 7.309733496536451047e-02
-9.325048006237557363e-02 -1.176918861825867191e-01 4.892520973823174038e-03 -1.469280671865698384e-01 6.791579336760156932e-03 -5.155709000924491026e-02 -4.306822739779510995e-02 -1.484628341698844556e-01 5.033122522078047750e-02 1.363511593082361306e-01 1.082781409908202541e-01 -7.386972341822413413e-02
-9.325048032281474386e-02 -7.744854310201514103e-02 -1.254155899251690465e-01 -1.105825117471231911e-02 -4.418442644717650303e-02 -1.115053622784541176e-01 7.681126706230005652e-02 5.849314425241639720e-02 -1.268164549036715494e-01 6.095086208218786217e-02 -7.226000394774761970e-02 3.559349341217579211e-03
-9.325048079327458161e-02 -4.752571355958533188e-03 -1.255491811171000893e-01 2.672892989145793721e-02 -8.077143475074750889e-02 1.064834062793190150e-01 -2.566144963399960566e-02 4.865497906537580297e-02 -7.138832241479206586e-02 -9.554605891648378091e-02 2.595969548965924578e-01 -2.033359907005364078e-02
-9.325048123422848001e-02 6.338409466754368893e-02 1.347663856746434963e-01 -9.682321648992027463e-02 5.591990852316484906e-02 -3.148365691981731829e-02 -5.170896835049992174e-02 1.210370309431448160e-01 1.188100698180641866e-02 -6.862361329716330782e-02 -5.114718087151482601e-02 1.414259028841935162e-01
-9.325048113056653987e-02 4.736614982537196150e-02 1.265339662689336231e-01 -8.017952436991826470e-02 -1.960841840519025880e-01 1.915275557151970356e-02 -7.916278444335733688e-02 3.154988290930317574e-02 -5.576830561237696576e-02 -1.108182294910532162e-01 -5.198189403462320085e-02 5.695872230630337485e-02
-9.325047961458178547e-02 -1.868854719776556483e-01 5.263616064928097055e-02 4.616882909680550956e-02 8.062531105847299540e-02 -1.188077742552356812e-02 4.931846458449355014e-02 1.379764966035819662e-01 1.508139619729452763e-01 9.498054504134531562e-02 6.006523412076335972e-02 1.360343930892416453e-01
-9.325048087440122868e-02 7.783204254141818865e-03 1.002561140114499871e-01 8.809953661289104954e-02 -4.496289350738257723e-02 1.217594752416618076e-01 1.772656202617270971e-01 -1.522273354109397181e-01 -7.366058251482320018e-02 2.684339871286876497e-02 5.927437747085398563e-03 9.297895199435571301e-02
-9.325047978070241661e-02 -1.612163190214293274e-01 -1.283042492952910507e-01 -3.060806360600406076e-02 5.046794506722419860e-02 -2.807150889627833823e-02 3.766639130783566020e-02 -1.108525848936335184e-01 2.048851962728374942e-01 -1.712034142471767773e-01 -8.141680356995645296e-02 -2.159194298175987417e-02
-9.325048068832531012e-02 -2.096945171033257060e-02 -2.247868594631285966e-02 -8.699123228103089467e-02 -1.839038322901913325e-01 -1.524481998537984342e-03 -4.707190121178662229e-02 -1.626118179318616352e-01 7.258885656782296247e-02 1.357861224098089459e-01 7.671388447280574896e-02 -5.998692900676765027e-02
-9.325048155875913236e-02 1.135309369360539833e-01 3.333573609511616964e-02 1.198415479775474801e-01 -7.720439026601658150e-02 -5.581926566374467713e-02 1.001921887804808897e-02 8.277414610014041663e-02 1.722567545617922913e-01 4.160562460631568593e-02 4.843745220863910489e-02 1.826853432141121447e-01
-9.325048042426492545e-02 -6.177234243313506346e-02 -9.682923813405887314e-02 2.441963040017214380e-04 1.831160304395218832e-02 -7.735988521708754562e-02 6.986230740063641143e-02 -9.006677738046479920e-02 2.108510191294035996e-01 -1.874458437178288528e-01 -4.500156172136498406e-02 -1.972353847601979876e-02
-9.325048027433076314e-02 -8.494034593577398651e-02 -1.092949496882674731e-01 3.052806544882794709e-02 -8.564761925767780393e-02 1.153761362651043038e-01 -3.844553855174450557e-02 8.492063878271612076e-02 -6.305389685212578477e-02 -1.450860628321574280e-02 -4.282533735914866718e-02 -1.704736717497147211e-02
-9.325048069687766339e-02 -1.964792838985838716e-02 -1.490170904019747222e-01 -3.067541315156720530e-02 -2.392030555587047400e-02 1.609854940542423674e-01 -6.532629636064048173e-02 3.278197846868234622e-02 -1.169286683339145795e-02 9.388246026600471916e-02 -1.829205632421559702e-01 5.914973234878534436e-02
-9.325048057577413341e-02 -3.836098108262461087e-02 -9.354339312006543228e-02 2.406475046162703801e-02 -9.023249460999549498e-02 -1.727212150944165137e-01 1.100467788971744160e-01 6.325679868350675417e-02 -9.507132279396039720e-02 4.495948035649560692e-02 -6.601658893174146281e-02 2.250643574418615539e-02
-9.325048104857827647e-02 3.469723033669388362e-02 -6.662889854184142480e-02 3.522725558865955758e-02 1.518096109333118325e-03 -5.962184871978366829e-02 8.569507264295969651e-02 -6.817652463383488959e-02 1.877737642239508120e-01 -1.687502155284453520e-01 -3.915617880536259587e-02 2.668446539180751795e-02
-9.325048023456236623e-02 -9.108539584937010158e-02 1.061170840468011051e-01 -1.950210605531664809e-01 -2.437413818023852555e-02 -2.266249530757262140e-02 -6.437434864822920433e-02 1.419697963807977324e-02 -4.613547538530304165e-02 -8.822713322340672293e-02 -1.042312435313959111e-02 6.402204625612151201e-02
-9.325048094742668936e-02 1.906717561099790723e-02 1.035064402624248509e-01 -7.873036076411915607e-02 -5.772254947759547505e-02 1.002220735810463448e-01 8.753042469657651425e-02 1.268616515542123346e-01 5.911818423397580818e-02 3.669469419906973978e-02 -3.897324111154522319e-02 -1.809770412747305490e-01
-9.325048080279543794e-02 -3.281403222413852971e-03 8.658096966363425240e-02 1.671435962583558144e-01 1.732753588328958191e-02 -2.944960111474138539e-02 -1.437943582049552582e-01 -5.903413712635111055e-02 -1.532450800740484814e-02 2.369123485186871297e-02 -3.484735918453329973e-02 -8.587012294890380981e-02
-9.325048053307012641e-02 -4.495965548140434115e-02 6.901270575900338156e-02 8.347812086634939788e-02 5.700233178512659898e-02 -4.541578767176261688e-02 -3.964547335676871947e-04 1.027111660911085578e-01 1.434749934725889076e-01 8.372807817944961928e-02 7.423921781424812349e-02 2.382700480667635234e-01
-9.325048100574118148e-02 2.807799105120081448e-02 1.856818298993568456e-02 1.551929593030664314e-02 6.449874334578671597e-02 -7.163342034852364371e-02 -3.319648577772613737e-03 -6.497823273304973932e-03 5.081966468482856936e-02 -5.830031924730287411e-03 -4.911457128179618631e-02 -8.897000430773789603e-02
-9.325047916818518523e-02 -2.558631723499642519e-01 3.228918130130933872e-02 1.123617096438593449e-01 -2.144688834060954896e-01 -3.132586986359429948e-02 -8.538637633383741599e-02 -3.814096080384328860e-03 3.373800215570974675e-02 7.497189102913039138e-02 -2.649511626463717240e-02 -3.740593138029922604e-02
-9.325048158772270002e-02 1.180064143779473024e-01 1.729947076827583266e-02 -1.031224329874186052e-01 4.036782840820825335e-02 -9.410835357531931178e-02 -3.664392428077085234e-02 -1.485751749817585121e-01 3.245016044791170645e-02 1.610689408879219520e-01 9.905710012185028890e-02 -7.337697384153443747e-02
-9.325048019655020337e-02 -9.695907419378653469e-02 1.009190126964042006e-01 -1.260484553645360994e-01 -9.048675122226301770e-02 -1.710436956607105582e-02 -7.707043210934126642e-02 5.892671039120666275e-03 -3.399538396787301492e-02 -7.476157523836594876e-02 -2.100423355613725146e-02 9.357229743091126373e-02
-9.325047958990789754e-02 -1.906981129568745270e-01 7.826130965629722602e-02 1.170575145562955388e-01 9.032843709868086657e-02 -7.031407246087976320e-03 -9.326192858946875941e-02 -8.205107202350214735e-02 -6.694756765211530569e-02 -2.115478570777631906e-02 -6.540261901903647590e-02 -6.756191936422958899e-02
-9.325048093148052830e-02 1.660316111016236704e-02 6.635439770435876128e-02 8.606992946492583729e-02 -7.110365132924865994e-02 -2.798006525902277039e-02 -4.021637279846505125e-02 -3.294173283005048716e-03 2.082044062868079748e-02 6.753148622323935923e-02 -9.662523219671453889e-03 2.057634552673972411e-02
-9.325048072749950179e-02 -1.491621294080954299e-02 -2.527052685683091673e-02 -9.323880584284129081e-02 7.588233885865362620e-03 -2.735921733570685632e-02 -4.868986277451059497e-02 -1.566514641341655301e-01 5.108634164648483134e-02 1.716246022095086754e-01 1.148575939647464988e-01 -6.841153734710188339e-02
-9.325048090511503518e-02 1.252913346903987944e-02 7.147651531319493268e-02 1.478735672635137222e-01 1.269875394863048401e-01 -4.236765560204257264e-02 -1.453217736628224510e-01 -2.121969685568418640e-02 -2.687454276828542613e-02 -2.788774364803590488e-03 -1.798230944793285935e-02 -9.064894591354415165e-02
-9.325048052424610157e-02 -4.632314866261690034e-02 4.636047849239431640e-02 1.390443554693042427e-01 -8.751365910817114624e-02 -3.645392786306004412e-02 -4.030156608441194666e-02 9.186655249398301137e-02 1.296574349733866094e-01 7.989788920250569249e-02 6.344154130326741525e-02 1.540158151080453508e-01
-9.325048077980169214e-02 -6.834412534491749250e-03 -1.145850021730902141e-01 1.624439492286541831e-02 -3.906516912927146534e-02 -1.546701240240653112e-05 3.988959741224521599e-02 -6.666663061636603216e-02 1.520521038086300736e-01 -2.105666995549304310e-01 1.829531187619038227e-02 -3.185613026444253371e-02
-9.325048047657909234e-02 -5.368870497881313153e-02 -1.589457816522230893e-01 -6.354148339196255546e-02 1.144460398406969837e-01 1.257789506368193477e-01 -8.477027150871775663e-02 -1.809788616209515380e-02 2.174373055324081705e-02 6.955380705061062208e-02 -1.463940257774085929e-01 7.562320546775996855e-02
-9.325048115341401378e-02 5.089656341920038157e-02 -4.759841626433369138e-02 9.368827467152879285e-02 -7.350676061105212988e-02 2.494465222186026745e-02 -2.691346688432351419e-02 3.396005986519298053e-02 -2.812805541434450218e-02 -1.052487008711262967e-01 4.541267719382226925e-02 -3.835304666385731115e-02
-9.325048013596289043e-02 -1.063211061850796724e-01 7.382107558342089482e-02 1.502530934479106572e-01 -2.495794977531284528e-02 3.509432893476598092e-03 -1.183283834623017061e-01 -5.797399075176342537e-02 -6.712230248547541855e-02 -3.336651841454350148e-02 -7.032015426277946069e-02 -9.118518253790983130e-02
-9.325048241345020028e-02 2.455987357286463779e-01 1.217644355155830527e-01 -1.674283470406991714e-01 4.875417288841378712e-03 -6.433796733745188179e-02 -6.411682905902300889e-02 2.922765442312373271e-03 -7.405570405100760090e-02 -8.380036221887846026e-02 -9.207491332149937702e-03 8.804274541256931763e-02
-9.325048201994269592e-02 1.847935299828066535e-01 -5.958148657429545442e-02 1.489153790319043720e-03 -1.317182508440392641e-01 -1.478710782431124637e-01 8.436959581699360333e-02 3.719222100304329232e-02 -1.391792321069781901e-01 4.505649144162759967e-02 -2.137752284893857171e-02 -2.142308582702979677e-02
-9.325048092339638384e-02 1.535399388260496635e-02 -1.169080835700728460e-01 -7.983593801329921455e-03 3.909264789583145189e-02 -4.485177927855585334e-02 6.015193935877074377e-02 -8.285328304535437283e-02 1.813495502091576617e-01 -1.802080112808940038e-01 -1.012388069370930566e-01 -2.134423618341795698e-02
-9.325048077346775877e-02 -7.813141055477573066e-03 -9.459250350982104094e-02 -2.154812709146195285e-02 -1.971909845042277981e-02 -1.669836002077970671e-01 1.021217447486240937e-01 3.121944217068909483e-02 -1.012839169315259413e-01 5.115263890404107144e-02 -5.730606871923389634e-02 -4.544262428688419786e-02
-9.325048021478854476e-02 -9.414087295925363530e-02 3.896108579208155953e-02 1.239423489806207174e-01 -3.485890503479854158e-02 -6.858369974991650186e-02 -2.507171263420275922e-02 1.035989244005375148e-01 1.350787126030517649e-01 9.929330177105014088e-02 4.563878323888900801e-02 2.017779718159068980e-01
-9.325048018278721262e-02 -9.908574866360624067e-02 7.526723253787959145e-02 2.104421678973194543e-01 -1.783219655920974533e-01 3.381962839462466955e-04 -1.456058601876546177e-01 -2.494632837065963171e-02 -4.724217669554517905e-03 2.287546006988197891e-02 -5.894184142048140840e-02 -6.047090310682788628e-02
-9.325048141362289600e-02 9.110431923665281151e-02 -1.455000585209083874e-01 -4.866773541366340577e-02 1.062509089009889413e-01 1.021103803650461744e-01 -5.663036256663651208e-02 5.827722972641584918e-03 1.368250801453807161e-02 7.881051584408201027e-02 -1.809510283343753745e-01 7.312367796806645837e-02
-9.325048054060511293e-02 -4.379533464983544067e-02 -1.671364025372596429e-01 -3.144092775211682067e-02 1.933137633493512905e-02 1.690731698342286815e-01 -9.473196520835765189e-02 2.386841278642800115e-02 -2.943724603036516896e-02 6.352117895953246496e-02 -1.269900268313219616e-01 8.270821847327380905e-02
-9.325048082072806555e-02 -5.104238559812961269e-04 1.074964352165565934e-01 -6.461299745783463666e-02 -3.368079536235340371e-02 1.081631888241001427e-01 9.895851894251504743e-02 1.541411904311969505e-01 5.898216509870556762e-02 2.164282318402576885e-02 -4.634413884835186792e-02 -1.781486286345540238e-01
-9.325048062684238026e-02 -3.046986203234288218e-02 4.968876757491594298e-02 -4.008141903122566102e-02 1.672743478689397989e-01 2.998939784041921783e-02 8.496364398816312613e-02 6.690831971700919589e-02 6.202648140043183489e-02 -8.731372153769931949e-03 4.794029470890195238e-02 -2.902524315588139725e-02
-9.325048068053157224e-02 -2.217374090344786247e-02 -1.044567245127218380e-01 -2.471439910962064043e-02 9.390992425264811649e-02 -1.759606196068957684e-01 9.699955247518139700e-02 6.233184354142323053e-02 -1.067793942096492976e-01 6.801070173120713283e-03 -2.980965246368772262e-02 -3.948707677593443766e-02
-9.325048120059979684e-02 5.818776503233825254e-02 -1.977226988562433632e-02 -4.228093646960921770e-02 -6.781260657720600271e-02 4.385462602441742019e-02 4.775715837354174015e-02 6.261917091054372553e-02 2.408033481294858530e-02 8.014223018266468379e-02 4.634067560513955956e-03 -1.142306403121012420e-01
-9.325048098688658305e-02 2.516456585764801843e-02 -1.031787353722648376e-01 3.144350643431247788e-02 -6.906058146371046869e-02 -6.390538334608979187e-02 8.075831481802678291e-02 -6.970336472958950369e-02 1.653773127627814754e-01 -2.194123388608835989e-01 -5.874531030283101224e-02 -4.504401030761876618e-02
-9.325048134374763764e-02 8.030713339649500626e-02 -9.528085442177963715e-02 2.548372482944102901e-02 -4.964137612701641916e-02 -1.710217749026102796e-01 1.096650973850624156e-01 4.411521184489822917e-02 -7.383410918061129868e-02 -2.101244842612694577e-02 -6.681524018545015320e-02 -2.364032820065869317e-02
-9.325048166615683420e-02 1.301261487765490998e-01 1.207457180679146064e-01 -1.346101128257715107e-01 -1.241327150098484877e-01 -6.534488575275208301e-03 -7.512467047935114661e-02 -4.565380153136184248e-03 -5.571898960328176831e-02 -1.062397396228891844e-01 -5.148003182215002589e-03 8.521006168244082968e-02
-9.325048152126007295e-02 1.077365388335678603e-01 5.234915841687085708e-02 1.086382142983993854e-01 -4.970959042583481501e-03 -4.876791135534235683e-02 4.842660359490053544e-03 1.005315952906538218e-01 1.632219552504848570e-01 5.916929709471883264e-02 7.482845717122388329e-02 1.820972270343737542e-01
-9.325048116647169372e-02 5.291425671802327257e-02 5.922894769804812332e-02 1.171694022355397324e-01 3.010619388318280798e-01 -7.775245367125377394e-02 -1.361665057032769854e-01 -2.150018781295152601e-02 -2.809515134629655270e-02 -2.830415399069290128e-02 -1.242345311923270974e-02 -9.561508904301389833e-02
-9.325048083191839199e-02 1.218710491483073876e-03 -7.724128269327486251e-02 3.669037482171218917e-02 -7.691140628902125298e-02 -3.551701536568364903e-02 8.238752672035597191e-02 -8.096877909558608533e-02 1.541980375291082950e-01 -1.941637450970001288e-01 -5.655758013855443495e-02 -3.237393754247478578e-02
-9.325048072275708699e-02 -1.564901851932576013e-02 9.369287395205579128e-02 2.761701690195902600e-02 7.310275207278586762e-02 1.025858723414338480e-01 1.959093446215119938e-01 -1.346835980094912288e-01 -7.280756725513375105e-02 -2.577878176267280746e-02 -2.072652907250275428e-02 7.772105200255696733e-02
-9.325048116321849045e-02 5.241156379448450725e-02 -1.013223792465783452e-01 4.263964433684012262e-02 1.614830304530557800e-02 5.006943283025629826e-02 -2.906915299144360171e-02 8.212138670306988464e-02 -1.180787397129950400e-01 -6.604561928962558726e-02 1.004218282977979021e-01 -1.606997302465990388e-02
-9.325048047372404281e-02 -5.412987652624091928e-02 3.323915786390434918e-02 5.253471000040841471e-02 9.835127062332828241e-02 -2.883984621717602601e-02 1.586641899656947297e-02 1.361008057216367972e-01 1.454041563258221259e-01 6.031848325067789424e-02 1.239773863681658539e-01 1.495465100693961769e-01
-9.325048115489194267e-02 5.112493828993300987e-02 6.136186811145124403e-02 4.401632047020571231e-02 5.196382827951211321e-03 -5.016069372301729112e-02 -1.308484144396325835e-02 7.597706620225702645e-02 1.567753548752524873e-01 1.073951955653943136e-01 9.847282449766396606e-02 1.746568528139109955e-01
-9.325048114579018166e-02 4.971852463018413409e-02 -7.136087896894705018e-02 2.393057468714572186e-02 -2.221096043100856746e-02 9.983083886018863373e-02 -1.151663418944070226e-02 8.135253247890709971e-02 -4.165505308456880079e-02 -6.577832820523979440e-02 3.058371730174009873e-01 -2.693248950657465418e-02
-9.325048079143501145e-02 -5.036833461772335756e-03 9.279903753961575574e-02 -8.126889563039217668e-02 1.609326642948002636e-02 9.985776792816525305e-02 1.011913989961302357e-01 1.956269722402195210e-01 8.551725947749538870e-02 4.436811720024280009e-02 -4.399882957095058167e-02 -2.337640599932654384e-01
-9.325048114284162359e-02 4.926290039028478202e-02 8.660401509344314852e-02 1.903834950967220052e-01 -3.619650030820592557e-02 8.266812491801176291e-03 -1.249588186779572868e-01 -6.761999322275080715e-02 -6.831572454066796307e-02 -3.535180810320683736e-02 -6.413993504516654620e-02 -1.245723689547023338e-01
-9.325048136034913560e-02 8.287239810846347421e-02 8.625468655673382279e-02 1.638109802062144849e-01 1.680600069556508758e-01 -7.592173761672521559e-02 -1.570851632081695093e-01 -1.124776238710883600e-02 6.307864391539065758e-03 1.437543902006544957e-02 -4.451650484688027959e-02 -6.400896107729800444e-02
-9.325048124521881365e-02 6.508234491952419321e-02 -2.323612020867784570e-03 6.012272717355389429e-02 1.211848082079950012e-01 -1.469495918770448439e-01 7.945001366041619037e-03 9.110598004328569754e-02 7.984668371114004431e-03 7.999767722511166856e-02 5.154150358104693172e-03 7.426266555132908509e-02
-9.325048094247584407e-02 1.830217174059133728e-02 -9.490579734873154372e-02 1.789908552053484300e-02 2.420915169437811538e-04 -1.677813641405674627e-01 9.194629629016709549e-02 7.905259862453226094e-02 -9.620689411978479433e-02 6.738539151434744245e-02 -7.810898794563495007e-02 3.786166646652345397e-02
-9.325048113076858658e-02 4.739737420041843785e-02 1.210685201210328771e-01 -1.665040097555660903e-01 -5.102124526328748189e-02 -1.610583814142305115e-02 -4.644152562748495028e-02 -1.962604829151468402e-02 -6.192992516975533851e-02 -9.198198083809025483e-02 -1.515728284965193844e-02 1.036860869936653412e-01
-9.325047912081542434e-02 -2.631827911726803415e-01 -3.135184340306227530e-02 -1.513600654105070886e-01 4.048139595319406175e-02 -7.249331139834161442e-02 -1.758515039375495304e-02 -1.471249771174817922e-01 3.539385737159039813e-02 1.588158069381635507e-01 9.312079091023053867e-02 -8.040342125546903751e-02
-9.325048101672674117e-02 2.977549639077437665e-02 7.622588553033807224e-02 -4.513869994588426415e-02 1.634330715595135042e-02 1.156355377100105469e-01 1.025729190832540688e-01 1.605645409687248004e-01 7.420546729469883196e-02 6.112826618699846587e-02 -7.712498537977648116e-02 -2.144815794880670368e-01
-9.325047973919084465e-02 -1.676307520162163001e-01 -9.398655083497448048e-02 1.632465009444711984e-02 -2.162924566335817089e-01 -1.317742236325190608e-01 1.272007119406126374e-01 1.739561319929457811e-02 -1.523765956743033945e-01 8.889353015326829921e-02 -6.425812800506421063e-02 -7.318325674243529588e-03
-9.325048045351282122e-02 -5.725294206338688713e-02 8.551358279561627196e-02 9.825264925228792412e-02 -6.606926203976858092e-02 1.226573881288265389e-01 2.059968008857777644e-01 -1.601081654868869719e-01 -1.302118674231389495e-01 1.165650756853739423e-02 -2.720103958994481153e-02 9.106082753578176314e-02
-9.325048154045802173e-02 1.107030391527796392e-01 -8.481132379356579043e-02 2.924907523256211131e-02 4.386018039256935064e-02 3.156789983261676369e-02 -1.855479962410365100e-02 3.185536836356072515e-02 -5.028801672197761446e-02 -1.121540014359136833e-01 2.194363819665872684e-01 -4.789234694042059787e-02
-9.325048045856514090e-02 -5.647224592427412676e-02 1.005306111538228214e-01 8.267210997427451580e-02 1.754072446305375566e-02 1.350914927695255618e-01 2.038833793247204484e-01 -1.568975857980976496e-01 -1.024705663980215592e-01 2.075395601994250896e-04 -1.020994235078333257e-02 9.134845307594029185e-02
-9.325048115467837739e-02 5.109194954261062072e-02 2.592417137504142780e-02 -9.284545000105523527e-02 1.682740082977465801e-01 -8.144928248051991337e-02 -2.788077561660385131e-02 -1.710557614656797454e-01 6.456958787217495499e-02 1.687457385244731933e-01 1.174566894397716527e-01 -5.326480650540899725e-02
-9.325048034834518274e-02 -7.350354789978109926e-02 -1.017478756003312862e-01 1.784652184915472631e-02 -4.737690164048645458e-02 -1.820926997852673201e-01 1.112036772305920046e-01 6.595022795778837654e-02 -1.020232154944515773e-01 3.685783266588572860e-02 -6.607188201653602100e-02 1.283713689607353381e-02
-9.325048081083288365e-02 -2.039445558124188766e-03 -1.701289505218530063e-01 -5.253840113448778742e-02 1.017112369468256006e-01 1.607924812128373737e-01 -9.830672161451213531e-02 6.430589285110015034e-03 -1.329404442498993526e-02 8.036025627832842078e-02 -1.233511841169584317e-01 9.508308527292143320e-02
-9.325048047828096709e-02 -5.342572473954701473e-02 9.979418874152040653e-02 4.904268083563591285e-02 5.677287234103157998e-02 1.226225621410343414e-01 2.006894793861346282e-01 -1.016328007797468180e-01 -7.253904262175060735e-02 2.179310098429133521e-02 -1.875872550282536508e-02 4.731165005622314790e-02
-9.325048056208838643e-02 -4.047571603354283704e-02 -8.419724817645944659e-02 -8.520475075478954260e-03 6.108219098956773480e-02 -5.505703294870663983e-02 6.945301194145551971e-02 -9.529229701586185153e-02 1.986352986232023110e-01 -2.008122297885620577e-01 -2.910220864320749862e-02 -4.457926182619243588e-02
-9.325048118733250679e-02 5.613769038014790325e-02 -1.510891845661956334e-01 -2.739663863840781713e-02 -4.464394382780863951e-02 1.587999990086950419e-01 -8.345397192583808854e-02 -2.604616145282029338e-02 2.474333860508641861e-02 7.403127745415608030e-02 -1.340961567707568691e-01 7.429757188810148794e-02
-9.325048069777022719e-02 -1.951001188128759570e-02 4.298278393679769160e-02 1.179638410680316080e-01 -5.053880866806297056e-02 -7.102510225994443371e-02 -1.222183467553313377e-02 1.133783728948940389e-01 1.188917122501242513e-01 1.133662716825844519e-01 5.952774841363915603e-02 1.955959302480383966e-01
-9.325048051136328175e-02 -4.831381293235776503e-02 6.248783326541749311e-02 1.813616066507816316e-01 -1.209340268778571169e-02 -1.996400120527509758e-02 -1.723647018996730673e-01 -2.993154844026785916e-02 -4.949656306178332188e-02 -1.782433856956885249e-02 -6.125230998644781016e-02 -1.378086448462276792e-01
-9.325048134867656990e-02 8.106874255885700153e-02 -8.110811194362120558e-02 1.886090407032973634e-02 -5.023742142034044733e-02 -4.076093216570329802e-02 5.529127928748746312e-02 -9.928372876253840906e-02 1.987789001529194910e-01 -2.046627801588537798e-01 -1.952676945887187043e-02 -5.385760367423025885e-02
