-9.325048628873577883e-02 4.789141771320443164e-02 4.113408421305526225e-02 1.036893154149108598e-01 3.810686215694496313e-03 -4.030971487021588889e-02 8.039472293660478164e-02 6.712552547633016120e-02 2.304819910354621859e-01 3.374437315262115294e-02 -8.507609760377346508e-02 -3.291479070458185052e-02
-9.325048045042268197e-02 -9.131940733969753921e-02 8.080967488483351002e-02 1.169653403017603122e-01 1.638657920780586252e-01 9.882623647675202461e-02 7.248128192485031596e-02 -9.869024646315498195e-03 1.252402668334191838e-02 -7.134596425522113372e-02 -1.321273347792515512e-02 -6.692481596102487808e-03
-9.325047943449095433e-02 1.513571773035126550e-02 -1.055157037422844030e-01 -9.490456339233470373e-02 -9.661018010611791343e-03 1.309934841705660546e-01 -2.824415860846562695e-03 -1.450269926379579299e-01 8.157772120737365185e-02 6.754630779791620521e-02 2.204156091653177926e-02 2.295460640120244519e-02
-9.325047943449095433e-02 7.023465289600057393e-02 -2.075839318780984752e-02 -1.619995681284758793e-01 7.366343323114236952e-02 -4.171832489648058528e-02 1.233429012602957064e-01 -3.296232319776083025e-02 -4.344815859962218585e-02 2.708127509412084494e-02 -1.865791899385622898e-02 -1.450619275680391229e-02
-9.325048748800884857e-02 1.123914131785575532e-01 2.430013236374095262e-02 8.297089712211004608e-02 -3.888873807200398519e-02 -6.374970956802014643e-02 9.592651876361529828e-02 8.399585054130495609e-02 2.411293424119613782e-01 2.136396710068968335e-02 -4.631519896707245870e-02 -3.335870589806277237e-02
-9.325048178035302837e-02 1.004988738906086448e-01 1.799445446401133283e-02 -1.500874675629919608e-01 7.961862262161055470e-02 -8.517004491703875080e-02 1.341123665378042285e-01 -2.050551972570574880e-02 -5.822212278337464408e-03 1.134434871826860321e-02 4.778416240333073495e-02 -2.967039713755433017e-02
-9.325047943449095433e-02 -4.606916237166935359e-03 -1.114206650270366389e-01 -3.035407901765583075e-02 -3.369224264682501441e-02 1.266866587848084758e-01 -5.393578178961731806e-02 -1.435901478132226294e-01 6.652870480419928456e-02 8.817158476438201331e-02 3.769206476067334111e-02 -2.399455141683560708e-02
-9.325047943449094046e-02 1.428639600108126961e-01 -4.348389358920358438e-02 1.121479032827806255e-01 -5.745098643230811541e-02 1.471880057329089803e-02 -1.806804520811562675e-02 -8.241757292131095258e-02 -1.483578772316960781e-01 -5.244638622271832057e-02 -5.639560777813847764e-02 2.335171412042970091e-03
-9.325048295328403070e-02 1.636385209958075293e-01 -2.470785931648764380e-02 1.647142035019947548e-01 -8.837124654561555326e-02 -1.402965108345416087e-02 2.368662432236241094e-02 -5.919794608386046153e-02 -8.820792014496406375e-02 -7.855525939646225420e-02 -2.874052668230006949e-02 -1.205984152882099564e-02
-9.325048748800884857e-02 1.239284765412057288e-01 -4.318611884906429360e-03 1.251838320361563506e-01 -6.119064520198100321e-02 -2.631725796708302492e-02 6.255213308694698715e-02 2.632884347502068359e-02 2.203243308283133473e-01 2.274578376044450326e-04 -1.462472104732560063e-01 -6.130941738783924483e-02
-9.325047943449096821e-02 9.669855316059890182e-02 -9.003440345904667463e-03 -1.948244002712241907e-01 1.044373387272762715e-01 -5.177014417673568569e-02 1.473962322925354840e-01 -6.447844830141995220e-02 -3.998235533876885739e-02 3.491681477356162883e-02 -7.435837186002702652e-03 3.429960325895099055e-02
-9.325048178035302837e-02 8.786700082535693623e-02 4.313283673395255230e-02 -5.276814366020277786e-02 1.118488317808600044e-02 -8.582345114248940421e-02 1.197261143011290468e-01 4.005498674976396001e-02 5.490231047759684679e-02 2.639604972906214181e-02 3.163490532139554001e-01 -1.939465344553224779e-02
-9.325047943449096821e-02 -1.111578490296172006e-01 -1.281598413151557037e-01 -3.310241832129157125e-02 -9.852355499286390150e-02 8.768421859509717073e-03 6.469009088454748257e-02 1.124970725080612077e-01 -3.079921115855452710e-02 -5.924886380031078870e-02 -9.933772741509600684e-03 -5.806986952626450732e-02
-9.325047943449096821e-02 -1.167553016176098128e-02 -9.691196985010719356e-02 -4.533746287469385405e-02 -1.332356073796255903e-02 1.859741577459032014e-01 -6.062911055804270921e-02 -1.218345555920350848e-01 1.050386577132485233e-01 6.121652619263051598e-02 5.527372640180756858e-02 1.727649743252963194e-02
-9.325047943449096821e-02 -9.648650070387057576e-02 -1.779833366942305539e-01 -5.056139810461474787e-02 -8.830085668574506885e-02 3.385213001843104946e-02 6.464665423464786842e-02 8.680756529206817840e-02 5.228973462092093363e-03 -9.333498748021913649e-02 9.362210334653999974e-03 3.717955478378464490e-02
-9.325047943449096821e-02 8.113009871620243882e-03 -1.020158718537368531e-01 -4.549344815542202825e-02 -3.864647677124788405e-02 1.496758731879857529e-01 -8.253326076378998677e-02 -1.233414041808788414e-01 8.801078492804166598e-02 3.215575492603444524e-02 4.890538279102463193e-02 3.887569931839447712e-02
-9.325048748800884857e-02 8.171675888546826860e-02 1.354657125303466471e-02 5.278004405041392122e-02 -3.695827488375763581e-02 -3.844776889744343229e-02 7.322627047748850315e-02 1.170181339543372445e-01 2.425121458237778638e-01 3.967669640494301403e-02 -1.527470883545321845e-01 -4.239108355346676849e-02
-9.325048178035302837e-02 -6.835834919056633929e-02 1.351768275443467060e-01 -2.230343437307674009e-02 -1.468133900368781275e-01 3.674930539616907271e-02 5.096705362190941113e-02 4.560816312998251104e-02 -3.648650003323217206e-02 1.200537720833186189e-01 -7.899277947747318507e-02 4.342318442471504274e-03
-9.325047943449095433e-02 -1.270579355977150271e-01 -1.599554687746110315e-01 -1.256710451590435304e-02 -6.225010951069619158e-02 -5.039358557303256353e-02 4.756417383540519767e-02 1.116737640996987441e-01 -4.652327163649282171e-02 -7.914358073110019931e-02 -1.001760433426450089e-02 -3.175518588035147055e-02
-9.325048178035301449e-02 -1.078444443412724246e-01 -5.025433642918069460e-02 9.812736023899658322e-02 9.924121793889394139e-02 -1.585815356629611816e-01 -6.636087896814718556e-02 -3.403142024011357458e-02 -4.705997990099274747e-02 1.570486128677472670e-01 -6.647217906220625853e-03 -2.187047355409867111e-02
-9.325048060742198441e-02 -6.552699721463771387e-02 1.521683998016722383e-01 -1.553159641911600400e-02 -1.503475759915776366e-01 2.642020039263829126e-02 1.830178458736062691e-02 -1.743012176712832898e-03 -8.505746986738689508e-02 7.307620656809060700e-02 -6.951324590094497269e-02 3.426548418950288444e-02
-9.325047943449095433e-02 1.360626845921516226e-01 -2.760127856369337662e-02 1.313744015983282498e-01 -9.253898132015279943e-02 3.972979514798285344e-02 -3.862567307252091214e-02 -7.880083847921885709e-02 -1.727841996326263674e-01 -6.391836250455674995e-02 -5.363789249281338684e-02 3.673715472276475012e-03
-9.325048178035302837e-02 1.572452718757162693e-01 -4.036631511597034427e-02 1.634933094994702740e-01 -9.527470427346310111e-02 9.491524502632008378e-03 7.002334964515446493e-03 -8.863153472232318530e-02 -9.585284048867742657e-02 -7.876857798093059304e-02 -6.089380605703046540e-02 -1.411455910270013880e-02
-9.325048866093989253e-02 1.303714181836388153e-01 8.215946181840278958e-03 1.301686450409852702e-01 -5.827514039930528633e-02 -5.048117393025176175e-02 7.820967649236679198e-02 5.465600294075428217e-02 2.122206824498216737e-01 -4.432562995113045051e-03 -8.940299274767579685e-02 -4.412740420647718459e-02
-9.325048060742199829e-02 4.944921969986736110e-02 7.412084678213735900e-02 -7.222894872427095513e-03 4.726444095951326529e-03 -3.002404452245482219e-02 4.121142991835074348e-02 7.505623784962102418e-02 2.976759802277625239e-02 7.678243389453406550e-03 3.249396537038346522e-01 8.460458179083214791e-02
-9.325048178035302837e-02 -7.221302491419002989e-02 6.941315877661283218e-02 1.001528665482050023e-01 1.897161975625806241e-01 1.610390536118977700e-01 6.600421875702663921e-02 5.158871044165517367e-03 6.988254118052423039e-03 -8.756141296462924273e-02 5.747335202375847274e-02 7.783759561808285994e-03
-9.325047943449096821e-02 -1.056380559641681149e-01 -1.235610887552829468e-01 -5.013623808595270986e-02 -8.882291601754660482e-02 -2.571589306800579552e-02 8.221088827157940759e-02 1.175080094860883051e-01 -4.663126405482941050e-02 -9.798143750143585573e-02 -2.563638518985721093e-02 -1.906273602121782290e-02
-9.325048178035302837e-02 -9.555367166478098695e-02 1.466743999686517808e-01 -1.747671574264850897e-02 -1.232367955727712988e-01 5.500666694933128986e-02 5.529065438481234329e-02 1.573995101280705605e-02 -6.331291986579562492e-02 7.721403092459198925e-02 -6.832480892791595317e-02 2.599123217627532720e-02
-9.325048178035304225e-02 6.958716445379879711e-02 4.086428678269665715e-02 4.454503115147920300e-02 -7.403574072623343716e-02 -6.364994464656395512e-02 1.090110831852990902e-01 8.375442611747828392e-02 5.541571155374400842e-02 2.335709449912012903e-02 3.741445348158918272e-01 6.712064357939290238e-02
-9.325048060742198441e-02 -8.777036096964489775e-02 -5.489103341903441013e-02 9.079169476027638963e-02 9.197415896227778553e-02 -1.939255901174340435e-01 -9.737435146743551873e-02 -4.979373667467204556e-02 -2.365404348601027676e-02 1.726341470246658405e-01 -2.077760512332331097e-02 1.924232799237484554e-02
-9.325048060742199829e-02 -7.436458175204926913e-02 -3.718924437431591484e-02 1.106206882302886579e-01 1.090545538425984201e-01 -1.712828994618332823e-01 -7.403284067786047862e-02 -6.388711768896720988e-02 -3.914721150280709577e-02 1.851161372357030821e-01 4.120390237925376786e-02 4.061122745979783843e-02
-9.325047943449095433e-02 -1.166520233879049101e-01 -1.722600557204898020e-01 -2.665795018905238803e-03 -4.407857706449345991e-02 -3.389911586507932811e-02 2.572713208420139563e-02 7.735638062537859849e-02 -3.088370248906032595e-02 -3.021461329627092227e-02 -5.180659280577352803e-03 5.489595544522105075e-02
-9.325047943449096821e-02 1.154776857488330061e-02 -1.135930483744617692e-01 -3.133152870414619012e-02 -3.979775979771778965e-02 1.691263339374686758e-01 -8.979131529461381600e-02 -1.305465685923481167e-01 7.563410710579636376e-02 6.649836081452679959e-02 4.045849708672789175e-02 3.462370920069519908e-02
-9.325048279628474213e-02 -9.644463240910135238e-02 7.128916436777811561e-02 1.481762997878217358e-01 2.169040315392962159e-01 1.299426151333946955e-01 1.036255190220276567e-01 2.295108145724157752e-04 1.893463649716364480e-02 -7.720962823456747892e-02 -4.169571076813516873e-03 -2.445566868580408004e-02
-9.325048060742199829e-02 -1.263835947968741380e-01 -1.632980206674507773e-01 -5.409072953171418542e-03 -4.917544359745395360e-02 -7.661600295908353730e-02 3.193255397053256645e-02 9.855283406286598213e-02 -4.375181937647767971e-02 -5.630464416980625331e-02 -2.243415744443937043e-02 2.286921956366256420e-02
-9.325048045042268197e-02 -8.903890094647566589e-02 -4.775080106525663587e-02 8.901647907633600254e-02 8.068589721133756498e-02 -1.877014741520303953e-01 -9.187490160584849130e-02 -4.666993139688922765e-02 4.202335077752381541e-03 1.484219631734786660e-01 -1.733489952083875837e-02 4.278383628155692925e-02
-9.325047943449098209e-02 -1.088090510718671272e-01 -1.844787104191146845e-02 5.333980774946951546e-04 -3.783183229631604388e-02 -1.187874800940260690e-02 2.728917443573849327e-02 5.332295869920974235e-02 -9.181374593595735545e-02 2.524112627236993825e-02 -1.400901285243168247e-03 -3.160012737465836552e-01
-9.325048178035302837e-02 -1.045976001264233846e-01 8.008761810533253367e-02 1.177254358628259390e-01 1.748166750159299287e-01 1.364050027684970412e-01 9.400666996232816264e-02 7.801269830846624571e-03 -2.038848473315677673e-02 -6.869384492886511373e-02 1.510838626999783281e-03 -3.799223061812078556e-02
-9.325048060742199829e-02 -7.794127513618348546e-02 -1.460354220127498548e-01 -2.442035300888250118e-02 -9.180487251224883627e-02 -3.938200940307807520e-03 8.047215693197916353e-02 1.182037562735511471e-01 3.057119221239155971e-02 -7.309731361508843561e-02 3.398768100714356227e-02 1.864679303892812987e-02
-9.325047943449096821e-02 -1.735386822057808157e-02 -1.350011128432081764e-01 -4.459917307046665919e-02 -4.294451855794751555e-02 1.484804639103634860e-01 -5.031646167832069805e-02 -1.363554950131599663e-01 1.082777862948012260e-01 7.386975477922914923e-02 5.130415318048285600e-02 4.514495527455094498e-02
-9.325048060742199829e-02 1.164889506101606242e-01 -1.285803057623559863e-02 -1.179588201894850030e-01 7.674330085019011316e-02 -5.850418410370106931e-02 1.268066360263333525e-01 -6.094772563241111080e-02 -7.225969958351653732e-02 -3.559383285621340980e-03 -1.218776538304306711e-01 3.133727708737545775e-02
-9.325048866093989253e-02 1.243359789354155781e-01 1.262347339900493637e-02 8.772352630561745801e-02 -2.598906440047165853e-02 -4.870447818250811522e-02 7.134561112535335592e-02 9.555914909076543284e-02 2.595981258278976522e-01 2.033348396125365942e-02 -1.800965357645309406e-01 -5.491774141400916631e-02
-9.325047943449096821e-02 -1.272794171657466444e-01 -8.991865211671012936e-02 -1.617216974350295725e-02 -5.145776015295364103e-02 -1.209985281675781954e-01 -1.184758252222528965e-02 6.861328615638644102e-02 -5.114812519824515902e-02 -1.414258106985958330e-01 -3.508904591523591410e-02 -1.691431239958024746e-01
-9.325047943449098209e-02 -1.207932293880242675e-01 -1.186606917629944302e-01 -1.595914871718022432e-02 -7.971826725406626346e-02 -3.163311136810088159e-02 5.569676407319254507e-02 1.108400367684985177e-01 -5.197996727833655711e-02 -5.695890843366237938e-02 -1.270040187215220641e-02 -4.387174629854779379e-02
-9.325048060742199829e-02 -7.217046967341018970e-02 7.220757623827163407e-02 1.331937122970405394e-03 4.952669402066329357e-02 -1.379465768830258066e-01 -1.507887395613619619e-01 -9.498801258680432402e-02 6.006461785221020588e-02 -1.360343394833475328e-01 5.087652488939995929e-03 7.328906576465130107e-02
-9.325048178035302837e-02 -9.886412545264094964e-02 7.692154644243745509e-02 1.076258740946617887e-01 1.770053391012603172e-01 1.521881459329328945e-01 7.362687065279494014e-02 -2.683311869950525189e-02 5.928348889791251047e-03 -9.297903899163617591e-02 8.377095692705631771e-03 1.386794039354172052e-02
-9.325047943449095433e-02 1.104722139753956806e-01 -9.045255272779413949e-03 -1.759412998818296603e-02 3.783686057085570986e-02 1.108768014083400116e-01 -2.048649048453974608e-01 1.711974501313718311e-01 -8.141728683375155928e-02 2.159198416413981789e-02 -1.937776728449764133e-02 -3.687456800399735619e-03
-9.325047943449098209e-02 2.012657790524104498e-02 -1.174630946686673755e-01 -3.407976304842157828e-02 -4.758214357636915415e-02 1.625346756935621695e-01 -7.265543804561325203e-02 -1.357657120880423063e-01 7.671570889372497648e-02 5.998675212402372614e-02 3.300751527651073908e-02 1.886204071459790868e-02
-9.325047943449095433e-02 -2.110008713694297433e-02 9.553361319944728147e-02 -7.332903414475427928e-02 9.763761493755938187e-03 -8.281163150814438434e-02 -1.722886215349164196e-01 -4.159605839508840469e-02 4.843826939072041343e-02 -1.826854177044904548e-01 -1.775231159262732894e-02 9.765546875313779740e-02
-9.325047943449096821e-02 8.972749643907540484e-02 8.428547176321394760e-03 -7.269683211351660179e-02 6.995829857090410386e-02 9.008060116598902434e-02 -2.108393347422830022e-01 1.874423640556586446e-01 -4.500185398276304594e-02 1.972356545110016610e-02 -7.902991356341509954e-03 2.032554688748692759e-02
-9.325048060742199829e-02 9.966433172146824115e-02 2.071307469266274459e-02 9.494618320053735405e-02 -3.880313319092289909e-02 -8.497528063805856458e-02 6.300650234495144830e-02 1.452324147327978439e-02 -4.282400701567726925e-02 1.704723391402139521e-02 3.864456617618209910e-01 7.920425771890320099e-02
-9.325047943449096821e-02 1.460907520051512309e-01 -3.208725911495470540e-02 1.541191477635571461e-01 -6.548453410476301473e-02 -3.280609154611547479e-02 1.167196399966731815e-02 -9.387601100889297889e-02 -1.829199790428175376e-01 -5.914979127403623138e-02 2.964586539073615565e-03 6.639028107709291950e-03
-9.325047943449096821e-02 8.894452051428371198e-02 1.029957464926598357e-02 -1.879163652645271243e-01 1.098613329437927860e-01 -6.328520556421346477e-02 9.504669107484144119e-02 -4.495187694045598564e-02 -6.601589735466363573e-02 -2.250650541771200691e-02 -7.428721375215568967e-02 2.796660392238893220e-02
-9.325047943449096821e-02 6.993462367703046079e-02 3.297836648184999248e-02 -5.927644459673328536e-02 8.571913017525359391e-02 6.818032727200630527e-02 -1.877703788259117990e-01 1.687491306277295322e-01 -3.915628457413650870e-02 -2.668445417420758914e-02 -1.257841522868819763e-02 1.839625736010868859e-02
-9.325047943449098209e-02 -1.151835234271259001e-01 -1.903881271779705453e-01 -2.037823204057682622e-02 -6.433239860453858483e-02 -1.419136547804396124e-02 4.614000314366974165e-02 8.822587907556052322e-02 -1.042320921189718481e-02 -6.402204010755978281e-02 6.185166166045800128e-03 7.609318230352243861e-02
-9.325048060742199829e-02 -1.008986910637376944e-01 -8.981379197842312423e-02 9.007417384846011510e-02 8.733982901481707195e-02 -1.268902357911810830e-01 -5.914271908015514972e-02 -3.668722454365434121e-02 -3.897258375247762002e-02 1.809769771173664610e-01 1.373487759614351730e-03 3.545137235514606716e-02
-9.325048060742199829e-02 -8.644032528242112656e-02 1.667016474419187599e-01 -3.147236267799200654e-02 -1.438159180016010397e-01 5.903113073779251568e-02 1.532196609718069341e-02 -2.369048335583077980e-02 -3.484729742594833840e-02 8.587011783707189372e-02 -6.396128534991100956e-02 1.312041815779851073e-01
-9.325048060742199829e-02 -7.339397755729203110e-02 9.483945447159250475e-02 -3.668866005620820270e-02 -2.458265247627107030e-04 -1.026887047251263674e-01 -1.434557223083867128e-01 -8.373393429103569152e-02 7.423870678637294052e-02 -2.382699983569611657e-01 -2.043037810537096793e-02 7.793250892998297708e-02
-9.325047943449098209e-02 -1.548382552262081262e-02 2.502989597303329969e-02 -5.815164314100172704e-02 -3.085367374566720406e-03 6.533398448343470145e-03 -5.078890415538694220e-02 5.820575364522138744e-03 -4.911542770353963944e-02 8.897008709046083652e-02 3.022908409534638338e-02 -3.377834324656552312e-01
-9.325047943449098209e-02 -5.925799926456155192e-02 8.779686941659430033e-02 -7.756314862590711623e-02 -8.610463934173256950e-02 3.703890063721313863e-03 -3.383376824492223545e-02 -7.494224841278304683e-02 -2.649239817310398634e-02 3.740565586251927421e-02 7.218859249613583662e-02 -4.626911630228458527e-01
-9.325047943449096821e-02 -4.679448355110322338e-03 -1.017679958803101581e-01 -8.013147399977083030e-02 -3.639355419504677891e-02 1.486138499747540198e-01 -3.241647485376107640e-02 -1.610794073575194385e-01 9.905613555657584446e-02 7.337706841704892680e-02 5.913058018405538407e-02 -4.228035442261811327e-02
-9.325047943449098209e-02 -1.106380920064770207e-01 -1.344329013673937478e-01 -3.022036161123940051e-02 -7.727170100373642603e-02 -5.923726819256673604e-03 3.396830753639722839e-02 7.476999359588894223e-02 -2.100346054769608797e-02 -9.357237610480735601e-02 -1.491486467334413382e-02 6.701545875821490750e-02
-9.325047943449096821e-02 -9.805551624191852222e-02 1.435819861689001664e-01 5.420571312137604722e-03 -9.306639179142632556e-02 8.207919109801231627e-02 6.697121072918796325e-02 2.114780000012255606e-02 -6.540319299770427919e-02 6.756196877707776327e-02 -6.232837438524681944e-02 9.988559421669054861e-02
-9.325048060742199829e-02 -6.421788819025543715e-02 6.979029233000087762e-02 -4.414181808530650425e-02 -4.046046813868325875e-02 3.257647667411169099e-03 -2.085181668847745085e-02 -6.752193115572444060e-02 -9.661677274427290379e-03 -2.057642740889437799e-02 2.476079589191352431e-02 -3.699378799607541679e-01
-9.325048060742199829e-02 2.354499777703075378e-02 -8.887163452702030730e-02 -2.211286040668585320e-02 -4.859911911834786241e-02 1.566649671553138334e-01 -5.107479717318710866e-02 -1.716281014879570133e-01 1.148572890281805009e-01 6.841156711812859670e-02 2.491185183887829890e-02 -5.494044182465787629e-02
-9.325048045042269584e-02 -6.974340424120036019e-02 1.669541487413010172e-01 -2.216001741158894756e-02 -1.449904690918566719e-01 2.126999601436166051e-02 2.691798134253381089e-02 2.775442213971255137e-03 -1.798350883462831659e-02 9.064906266353939257e-02 -6.413316153607565018e-02 1.324765186638750432e-02
-9.325048060742199829e-02 -5.101433560916626003e-02 1.230961476173628305e-01 -5.786607775251065983e-02 -4.062619139693395692e-02 -9.191570774188091708e-02 -1.296998773325381549e-01 -7.988486289504424798e-02 6.344271015696467675e-02 -1.540159325409722613e-01 4.465169296933429316e-02 1.805228661282070116e-02
-9.325048295328405845e-02 1.132127881863023156e-01 1.004757681777745937e-02 -8.254642376690629613e-03 3.975994971054835903e-02 6.664690219443653030e-02 -1.520691577210915579e-01 2.105719361914896726e-01 1.829578195812564881e-02 3.185608446355826795e-02 -5.827001733900637886e-02 -1.907215386689226078e-02
-9.325047943449096821e-02 1.523511176460887184e-01 -3.660271962441184052e-02 1.473564306152328474e-01 -8.447184560704985856e-02 1.814232260271929700e-02 -2.170568724738781638e-02 -6.956533901014119725e-02 -1.463950338984602029e-01 -7.562311150276412874e-02 1.915529904485771887e-02 9.923581024516212740e-03
-9.325048178035302837e-02 5.273059709512655652e-02 7.533815706799647238e-02 7.128034094591649723e-03 -2.719983004808983890e-02 -3.400278136963990477e-02 2.809141179125763943e-02 1.052598355362520388e-01 4.541365333051693848e-02 3.835295314029772695e-02 2.614522915705881356e-01 7.813052014618367125e-02
-9.325048060742199829e-02 -8.468661836972180001e-02 1.493811178621682889e-01 -7.287901817013639309e-03 -1.184994425104867466e-01 5.794756831555505916e-02 6.709923186886541935e-02 3.337370347103916363e-02 -7.031949529082237582e-02 9.118511308636502444e-02 -2.156578421219178601e-02 8.253265855981924137e-02
-9.325047943449098209e-02 -9.501501617748721318e-02 -1.806395816963368983e-01 -5.477001527321966046e-02 -6.394293058363385851e-02 -2.894485650280381218e-03 7.408088058060291470e-02 8.379231058334760118e-02 -9.208279257119264885e-03 -8.804266268877355972e-02 -7.573186351964896444e-03 6.432202646826126746e-02
-9.325048060742199829e-02 7.885459089570474867e-02 -3.464398443054892557e-02 -1.695639526926275009e-01 8.407769923202243478e-02 -3.723482627042730420e-02 1.391430975580110474e-01 -4.504568906947072071e-02 -2.137660692291017128e-02 2.142300194002761532e-02 -9.569129462799724761e-02 5.181145500890785988e-02
-9.325047943449096821e-02 1.178772958042461905e-01 -8.562065600340223927e-04 -3.611156519511193180e-02 6.030277286866952274e-02 8.287598756541525447e-02 -1.813299711388427216e-01 1.802020106987456127e-01 -1.012393423943955401e-01 2.134428702977591435e-02 -3.571104922258325903e-02 2.076352842126335304e-03
-9.325047943449096821e-02 9.322931577003268355e-02 -2.354793004615465465e-02 -1.668565712106968579e-01 1.021752048276820951e-01 -3.121160970874778395e-02 1.012905979013885155e-01 -5.115465459420326377e-02 -5.730624113952555165e-02 4.544264082619103168e-02 -6.697390572799803710e-02 4.434119355283450831e-02
-9.325047943449098209e-02 -4.873094049116253462e-02 1.211951121702463940e-01 -7.889981835854084635e-02 -2.521303760191625012e-02 -1.036208616950756445e-01 -1.350978639905098810e-01 -9.928733078280470303e-02 4.563933422064025275e-02 -2.017780298163484587e-01 -2.730043548760286223e-02 9.611504376504274860e-02
-9.325047943449096821e-02 -8.535681945821556316e-02 1.798009918933451690e-01 -4.217879601909600706e-02 -1.462730722350163437e-01 2.484522817232442948e-02 4.636843445932060243e-03 -2.284862118379693899e-02 -5.893942872791234355e-02 6.047066390142499803e-02 -4.355809926645413943e-02 3.662930418913779712e-02
-9.325047943449096821e-02 1.543461406709097927e-01 -3.331722785670113152e-02 1.228102514381786275e-01 -5.633640148297613254e-02 -5.782779684570915624e-03 -1.364354308033217944e-02 -7.882253752769996513e-02 -1.809521264933305340e-01 -7.312356886511779674e-02 -6.211566886139605059e-02 -3.740405620780219470e-04
-9.325048060742199829e-02 1.615453362236759505e-01 -2.316129525544689816e-02 1.703040606416518499e-01 -9.476596298549774811e-02 -2.387398673828738591e-02 2.943223176891560100e-02 -6.351955327364204595e-02 -1.269898621472177469e-01 -8.270823637193937261e-02 5.730967136235501358e-02 9.801653264341301033e-03
-9.325048060742199829e-02 -1.069436496622205024e-01 -7.027752467766898437e-02 1.019035816258035132e-01 9.882611389897345833e-02 -1.541611575939224044e-01 -5.899933255284519479e-02 -2.163758120475800170e-02 -4.634367822086968292e-02 1.781485831176520540e-01 -1.006554286512035927e-02 1.927746242774187532e-02
-9.325048060742199829e-02 -5.264154712207156500e-02 -6.958086172041340854e-03 6.306128251795013739e-02 8.547210752929883248e-02 -6.683195191234360399e-02 -6.196075567875484330e-02 8.711301791141618650e-03 4.793851268569625929e-02 2.902541541919380352e-02 -3.431624531139738921e-02 3.687405848870193431e-02
-9.325048060742199829e-02 1.015139495506017231e-01 -4.789792856511899781e-03 -1.536462282370400501e-01 9.740358062717385801e-02 -6.227128297350300462e-02 1.068314615035155513e-01 -6.816948668727605166e-03 -2.981106036849254931e-02 3.948721176571559632e-02 -8.096825001950519463e-02 2.952355958421717594e-02
-9.325048060742199829e-02 2.583527174930375439e-02 -5.765609653796630735e-02 3.169064281818360918e-02 4.755317607455454565e-02 -6.264951751689677717e-02 -2.410630246971173785e-02 -8.013436057101154530e-02 4.634751014873460424e-03 1.142305761951832727e-01 -5.992116853269281035e-02 4.553555874955042548e-02
-9.325047943449098209e-02 1.052665203195471411e-01 1.722920462923015206e-02 -7.706492712804022260e-02 8.057175351285754406e-02 6.967530756155224103e-02 -1.654014293431932403e-01 2.194196870467791383e-01 -5.874466165507300636e-02 4.504394802066049447e-02 1.317305030311263087e-02 1.682628349262637810e-02
-9.325047943449096821e-02 1.032647320946750713e-01 1.119228068040594923e-02 -1.778193046332442462e-01 1.096124444896183908e-01 -4.412263670957455169e-02 7.382794590556712722e-02 2.101423217306189889e-02 -6.681510316178000675e-02 2.364031898175186774e-02 -1.678274809687683097e-05 4.244692475768425954e-02
-9.325047943449098209e-02 -1.062555179319510101e-01 -1.643575516511631140e-01 -2.484111000191493307e-02 -7.540751240661758281e-02 4.523887472479881482e-03 5.568366838567374161e-02 1.062503554342032891e-01 -5.147095064977338583e-03 -8.521014689356971872e-02 -1.939309783966117239e-03 1.786526862302241503e-02
-9.325047943449098209e-02 -4.062103170142112446e-02 9.804024403673132493e-02 -5.206177107371753876e-02 4.807899774416056482e-03 -1.005358421163975724e-01 -1.632251949268349878e-01 -5.916848225208646422e-02 7.482849465135135714e-02 -1.820972259885096645e-01 9.676363120555218911e-03 4.613966171673201944e-02
-9.325048178035304225e-02 -5.327948858680529171e-02 1.661339010349963397e-01 -2.187328017040790148e-02 -1.352642556965191756e-01 2.163685537728432529e-02 2.821313721713768902e-02 2.826796283629162340e-02 -1.242669945713482590e-02 9.561540758871535373e-02 -2.923603175095171661e-02 9.528577783753303110e-02
-9.325047943449098209e-02 7.693448595789587063e-02 2.235503841772211800e-02 -5.105071253265406478e-02 8.215455915929542607e-02 8.093355162591073237e-02 -1.542284047806922465e-01 1.941730347960197445e-01 -5.655675208052578923e-02 3.237385501996984521e-02 1.712406605718171798e-02 -2.992943484711526117e-02
-9.325048178035304225e-02 -9.482447063462462467e-02 4.086499792030836437e-02 1.137022935268114515e-01 1.960505621809648102e-01 1.347046922615728892e-01 7.282571059312528683e-02 2.577323853446858784e-02 -2.072702621963954869e-02 -7.772100484012640920e-02 1.084700451915372905e-02 -2.530617686410622548e-03
-9.325048396921577221e-02 1.063119833766456163e-01 4.199100188400113620e-02 5.090901057395159912e-02 -2.907089575030406478e-02 -8.212125646388954148e-02 1.180789945823500914e-01 6.604548069169163815e-02 1.004217995133220576e-01 1.606997792608983594e-02 3.361243620070173965e-01 4.232924696066461823e-02
-9.325048060742199829e-02 -3.879551705055774014e-02 7.294249234952576710e-02 -1.139987102832605570e-02 1.614821719547616941e-02 -1.360587017569784285e-01 -1.453680042684280249e-01 -6.032948039370642640e-02 1.239764169899570251e-01 -1.495464189234289587e-01 1.304420376572558785e-02 7.713068685780900824e-02
-9.325048060742199829e-02 -5.559023740837897021e-02 4.025620021915996688e-02 -4.944344728789718674e-02 -1.305700175931334521e-02 -7.597235535205201784e-02 -1.567710765144842699e-01 -1.073965947256188963e-01 9.847268021061726662e-02 -1.746568386097795134e-01 1.191287151882651496e-02 9.282069718527959090e-02
-9.325048866093987865e-02 7.623388333465645761e-02 1.657642399386800511e-02 9.294937780430838348e-02 -1.165512272921086397e-02 -8.137303760114250606e-02 4.163753024626463267e-02 6.578362716270724775e-02 3.058376324992311268e-01 2.693244599029242375e-02 -1.604091250105136868e-01 -2.852567078499548478e-02
-9.325048060742199829e-02 -9.280956421818718771e-02 -7.707958718776883322e-02 1.039526075366451890e-01 1.012238660294411674e-01 -1.956221384611093184e-01 -8.551307127316100376e-02 -4.436940005776338070e-02 -4.399894134679023516e-02 2.337640708725355621e-01 -2.404101867328344716e-02 4.145846973841676303e-02
-9.325047943449096821e-02 -8.088745738097259663e-02 1.761604859885134711e-01 -5.399709117058218086e-03 -1.251741272838007846e-01 6.758820306263040034e-02 6.828855097488041592e-02 3.536002020968667670e-02 -6.413922719152591323e-02 1.245723012740792696e-01 -1.765148191348346954e-02 1.046263729754881994e-01
-9.325048060742199829e-02 -7.697360001919664740e-02 1.852942921728704395e-01 -4.730105102149376878e-02 -1.566103607394900565e-01 1.132030133804786190e-02 -6.245016139616260328e-03 -1.439481462410245952e-02 -4.451825817388761763e-02 6.400913603068190960e-02 -7.688392307247055024e-02 8.014006512688304218e-02
-9.325047943449098209e-02 9.216757501051437221e-03 7.683554766388098201e-02 -1.224411807620339049e-01 8.376234652220371224e-03 -9.104040191815555849e-02 -7.927923640963575533e-03 -8.001513558617098787e-02 5.152568843956952666e-03 -7.426250615713853032e-02 1.296794909536916063e-01 -4.049960822268880989e-01
-9.325047943449096821e-02 9.631208729594140094e-02 1.705095708634458279e-02 -1.650506619553406551e-01 9.204128202253378244e-02 -7.903825816968843010e-02 9.621928259000468719e-02 -6.738919260850376181e-02 -7.810933327116774405e-02 -3.786163171707230407e-02 -5.442035469347402538e-02 -1.077324671336974370e-02
-9.325047943449096821e-02 -1.153553279600438713e-01 -1.766926045667026046e-01 -1.938058875259047673e-02 -4.648694005111379118e-02 1.961963069789871006e-02 6.192454593653930889e-02 9.198355690396226025e-02 -1.515715928791692806e-02 -1.036860978339718686e-01 -1.974474678090587521e-03 6.952874540483545973e-02
-9.325047943449096821e-02 3.246967681840270785e-03 -1.231624388641236051e-01 -5.924417988836425120e-02 -1.735842043160306519e-02 1.471568993591885199e-01 -3.536727147418983197e-02 -1.588235480547105227e-01 9.312017747611905927e-02 8.040347025919458712e-02 2.483320340844490104e-02 4.427741815313972207e-02
-9.325048178035302837e-02 -7.263584474214067332e-02 -4.381383118935326670e-02 1.183526962400171245e-01 1.025793255735071297e-01 -1.605633528541850208e-01 -7.420430957098386737e-02 -6.112867097315631548e-02 -7.712503398908143737e-02 2.144815832082339335e-01 -2.972583149274620438e-03 -3.193871457166025385e-02
-9.325047943449098209e-02 7.566761106644845358e-02 -1.173463367155059243e-02 -1.725654088709574763e-01 1.265991690330389163e-01 -1.748782350639891889e-02 1.522965475776657251e-01 -8.886878709694406853e-02 -6.425587068530191903e-02 7.318101469304221819e-03 -9.062787992254736635e-02 5.344618475799992052e-02
-9.325048178035304225e-02 -9.110619767604498376e-02 8.747372075713082118e-02 1.037060199753998546e-01 2.056596358098603250e-01 1.600568262138360731e-01 1.301674639617676488e-01 -1.164286136884062038e-02 -2.719981090045118025e-02 -9.106095010694147118e-02 -7.325590193442016625e-03 7.142278520642671505e-03
-9.325048631507781849e-02 9.607980091503798281e-02 2.991399753401470518e-02 3.892829004796390796e-02 -1.844772590674753285e-02 -3.183836511707859723e-02 5.030300714164049475e-02 1.121492688003843941e-01 2.194359277763568150e-01 4.789239435476332768e-02 -9.894610192155042783e-02 -3.421152274832447299e-02
-9.325048178035302837e-02 -1.059555928152036419e-01 8.736095860603426688e-02 1.326407929246471440e-01 2.038011235157851098e-01 1.568846861207462973e-01 1.024592927499981404e-01 -2.040316762158516772e-04 -1.020961863140497361e-02 -9.134848439653076024e-02 -4.928312171290076538e-03 7.271611089858061837e-03
-9.325047943449095433e-02 -2.035613536291658310e-02 -6.381854782580484442e-02 -4.369633376526726315e-02 -2.726244433732846403e-02 1.711493659549866431e-01 -6.448878385491317589e-02 -1.687705269666032182e-01 1.174544613935982196e-01 5.326502306476382093e-02 5.321247515952080148e-02 4.463450399960607051e-02
-9.325047943449096821e-02 9.337349409525541599e-02 1.447116036763953020e-02 -1.887834668277715844e-01 1.111540130336737126e-01 -6.595846335600648314e-02 1.020158434913105705e-01 -3.685545774399812818e-02 -6.607165071767262532e-02 -1.283716276064057575e-02 -7.535925603342162604e-02 5.332433739144334939e-02
-9.325048178035302837e-02 1.689519471872314715e-01 -3.152739508043065492e-02 1.790961810284209810e-01 -9.806981560897967687e-02 -6.394998681487435756e-03 1.332463217523265422e-02 -8.036957978961803417e-02 -1.233520078115063479e-01 -9.508300648557269086e-02 -7.086198046436831266e-02 -1.857732625697818690e-02
-9.325048178035301449e-02 -1.049000422675655519e-01 6.137237908280003540e-02 1.292241563512153968e-01 2.007531107886598998e-01 1.016419086226011820e-01 7.254674359426753483e-02 -2.179539921536372687e-02 -1.875892007737925762e-02 -4.731163326218870008e-02 1.610687964652815149e-02 -5.725383453363133701e-02
-9.325047943449096821e-02 7.942673733821929705e-02 6.155872345112925817e-03 -4.212253779216895005e-02 6.967204831586232272e-02 9.532484929234097404e-02 -1.986074045966010615e-01 2.008037593173202240e-01 -2.910294877496018631e-02 4.457933191693467384e-02 3.527124906132662885e-02 1.521402228289017722e-02
-9.325048060742197054e-02 1.561931963322512051e-01 -3.773464709621746072e-02 1.482518574485845453e-01 -8.366813829476218989e-02 2.601424320632345077e-02 -2.477072006081693090e-02 -7.402295529848836042e-02 -1.340954240161000566e-01 -7.429763911916660579e-02 -4.258182751913378028e-02 -1.679468069889924337e-02
-9.325047943449096821e-02 -4.481041355059041387e-02 1.074271583783995704e-01 -8.371370982105290348e-02 -1.239863291360848718e-02 -1.134050554505151714e-01 -1.189147046302280741e-01 -1.133592294400354861e-01 5.952837500039556695e-02 -1.955959917893783928e-01 5.511131199526831531e-03 -4.595521483628436238e-02
-9.325048060742199829e-02 -6.726187284543140577e-02 1.784425148207450795e-01 -2.862531659652283247e-02 -1.724938302256159295e-01 2.991197079714576906e-02 4.947958962975347597e-02 1.782957177751678252e-02 -6.125183243799264821e-02 1.378085973678365717e-01 8.165802290673790376e-03 1.101778663404252151e-02
-9.325048060742198441e-02 8.925283308460921217e-02 4.435350243770943765e-03 -4.997195642492073542e-02 5.516032037013518519e-02 9.926453542580103429e-02 -1.987951907405385021e-01 2.046676518990166171e-01 -1.952635799346404480e-02 5.385756546064604522e-02 -1.358029828883921403e-02 -5.183997211467424038e-02
