-9.759002706420627504e-02 -5.836076072001806364e-02 -9.849735758881423067e-03
-9.759002775196637391e-02 -7.497601015680055436e-02 -9.845447313796096972e-03
-9.759002674801521560e-02 -3.104941713320694477e-02 -5.766959223986731393e-03
-9.759000767294344347e-02 -9.546506062107694424e-02 -8.009277294400242442e-03
-9.759002373616179615e-02 -7.972684740008560353e-03 -1.395067245097807683e-02
-9.759002674801521560e-02 -5.041908243090233166e-02 -6.833439159894561313e-03
-9.759002072430834895e-02 -7.139633990590783796e-02 -7.162686507052882026e-03
-9.759000885250222745e-02 2.602664673461197592e-03 1.197473364290960532e-02
-9.759000684459996633e-02 -1.039144828840038726e-01 -9.921070068477795198e-03
-9.759000684459998021e-02 -7.719513750536732832e-02 1.187854584781263684e-02
-9.759000784855113853e-02 -1.099258042668822405e-01 -1.391626802941325035e-02
-9.759000684459998021e-02 -9.655569834438344767e-02 -4.458261122439466373e-03
-9.759000784855112465e-02 -1.052637325354822129e-01 -1.160117408031607206e-02
-9.759000684459998021e-02 -1.055932789485452272e-01 -1.167430677362064906e-02
-9.759000684459995245e-02 -7.442032606505925851e-02 6.889435724164750911e-03
-9.759000684459995245e-02 -1.158710052473407026e-01 -1.597153076751855680e-02
-9.759000684459993857e-02 -1.200353967187897941e-01 -1.695226545904598633e-02
-9.759000684459995245e-02 -1.088970776533580986e-01 -1.110577670534890725e-02
-9.759000784855109689e-02 -1.016760987562149859e-01 -1.197625092003280073e-02
-9.759000684459993857e-02 -7.763784171271014001e-02 -1.406076361923018839e-02
-9.759000684459995245e-02 -8.120011958964913623e-02 -5.464816284170343451e-03
-9.759000684459995245e-02 -1.108282394511448388e-01 -1.147784130431426207e-02
-9.759000784855109689e-02 -8.712332671427255870e-02 6.864902238034586816e-03
-9.759000684459995245e-02 -1.124153397867135029e-01 -1.230976220229324479e-02
-9.759000684459995245e-02 -9.645455571514167936e-02 -7.953679279034427466e-03
-9.759000784855108301e-02 -9.256601051386047219e-02 -2.668881890262535250e-03
-9.759000684459995245e-02 -9.754589131231132526e-02 -7.779426432375062712e-03
-9.759000684459995245e-02 -1.059279880968415077e-01 -7.902627450537404868e-03
-9.759000684459993857e-02 6.888541287780543254e-02 -2.385792430442038384e-02
-9.759000784855109689e-02 -7.657452117548574355e-02 -1.151157131904581056e-02
-9.759000684459996633e-02 8.300893636015867216e-02 -8.968673557474427654e-03
-9.759000684459995245e-02 7.470434084930412111e-02 -2.698936613531397952e-02
-9.759000584064880801e-02 -1.165131798003446739e-01 -1.428629476196171394e-02
-9.759000584064880801e-02 -1.176745582576234350e-01 -1.500360880468160421e-02
-9.759000584064878026e-02 -1.304151308555148159e-01 -1.942632352550941258e-02
-9.759000584064878026e-02 -1.209131435560636264e-01 -1.608590152043415725e-02
-9.759000584064878026e-02 -1.223687706442670026e-01 -1.596253607050532319e-02
-9.759000584064882189e-02 -1.217826534956853862e-01 -1.653424806634453889e-02
-9.759000584064880801e-02 -1.238580167366253176e-01 -1.745077783839048616e-02
-9.759000584064880801e-02 -1.209497644094987001e-01 -1.624715545564283520e-02
-9.759000584064880801e-02 -1.044699758066160306e-01 -9.886475491119237763e-03
-9.759000584064882189e-02 -1.092847330766518604e-01 -9.200549453169764441e-03
-9.759000584064880801e-02 -1.159375491101332645e-01 -1.418613168432844227e-02
-9.759000584064878026e-02 -1.168118310823722389e-01 -1.524703247825901116e-02
-9.759000584064880801e-02 -1.155066859511837268e-01 -1.396968657445385627e-02
-9.759000584064882189e-02 -1.032431887655846231e-01 -6.009406276065361666e-03
-9.759000584064880801e-02 -6.618259310400222140e-02 -3.311839463042859366e-02
-9.759000584064882189e-02 -1.063677089942249299e-01 -1.129571372245009517e-02
-9.759000584064878026e-02 -6.513761903985380852e-02 -5.390841554698842580e-04
-9.759000584064878026e-02 -4.811794402331095837e-03 -7.951432626307855002e-04
-9.759000584064878026e-02 -5.737105729884683231e-02 3.790760615183814963e-02
-9.759000584064880801e-02 1.257879353613379318e-02 1.344166839919261058e-01
-9.759000584064878026e-02 -1.730199985968173051e-02 8.491289545965888252e-02
-9.759000584064878026e-02 -6.545548901788075802e-02 -1.342323819229499990e-02
-9.759000584064880801e-02 -1.134046797181050420e-01 -1.187967967153432183e-02
-9.759000584064878026e-02 -1.111683277667059044e-01 -1.716872714357562529e-02
-9.759000584064878026e-02 -9.989950063200797592e-02 -1.271167173741797468e-02
-9.759000584064878026e-02 -7.626440715683881211e-02 -7.362753871713763332e-03
-9.759000584064882189e-02 2.020337724415865663e-02 7.732289851993894014e-02
-9.759000584064878026e-02 1.417019337593722061e-01 -1.005728305625665092e-01
-9.759000584064880801e-02 1.333981451107475180e-01 -8.454172887502649225e-02
-9.759000584064878026e-02 1.337716117670979810e-01 -9.681325247330606343e-02
-9.759000584064878026e-02 1.339989437257004257e-01 -8.489646753025342774e-02
-9.759000584064878026e-02 1.433977522429907558e-01 -1.014604589840236576e-01
-9.759000584064878026e-02 5.062537848454091993e-02 1.291671891981663600e-01
-9.759000584064878026e-02 4.861131925109568597e-02 1.615356283867900866e-01
-9.759000584064883577e-02 9.795968103549565487e-02 -1.055543874832971796e-02
-9.759000584064880801e-02 8.195032375929077462e-02 2.695576150756561207e-01
-9.759000584064878026e-02 5.632989636796552346e-02 1.079473501649501066e-01
-9.759000584064878026e-02 4.645925676861170639e-02 2.389239754581773123e-01
-9.759000584064880801e-02 9.245504300960333266e-02 -3.027500442081267561e-04
-9.759000584064883577e-02 8.765070149573124525e-02 -1.875997365550543389e-02
-9.759000584064883577e-02 9.437737523840715459e-02 -2.882873740657107553e-02
-9.759000584064883577e-02 1.055925864626566513e-01 -4.396533325675076875e-02
-9.759000584064883577e-02 1.022899731888404079e-01 -3.662213276299984555e-02
-9.759000584064883577e-02 9.497254888166510589e-02 -3.109117202865467264e-02
-9.759000584064883577e-02 7.357500227294434814e-02 -2.576995686753947093e-02
-9.759000584064882189e-02 5.339366568384552869e-02 -7.748679150864939968e-03
-9.759000584064878026e-02 9.708230238510581755e-02 -3.359479190689589057e-02
-9.759000584064880801e-02 1.031286469928500149e-01 -3.663790340335980333e-02
-9.759000584064878026e-02 9.873720016352553752e-02 -2.074251916571478310e-02
-9.759000584064878026e-02 1.150277751045503394e-01 -5.095151744911936148e-02
-9.759000584064882189e-02 9.513122239390341128e-02 -3.255588519158417182e-02
-9.759000584064880801e-02 1.017002626351714428e-01 -3.816866740785048590e-02
-9.759000584064880801e-02 1.092243404306499771e-01 -4.711927633748518723e-02
-9.759000584064878026e-02 5.640125249221888265e-02 4.992282625373029026e-02
-9.759000584064883577e-02 1.108098226153076127e-01 -5.030455870010237807e-02
-9.759000584064878026e-02 1.118459963569103516e-01 -4.797915884150198707e-02
-9.759000584064878026e-02 1.100167757378488625e-01 -3.897965224685327051e-02
-9.759000584064882189e-02 1.106302247966286789e-01 -4.197348261130126601e-02
-9.759000584064878026e-02 1.086715150183069356e-01 -3.285096648535121289e-02
-9.759000584064880801e-02 1.053110818417881955e-01 -4.118773713597946584e-02
-9.759000584064878026e-02 1.102015142839897627e-01 -4.647028481737055378e-02
-9.759000584064880801e-02 1.047709435414433260e-01 -5.058176158453185634e-02
-9.759000584064878026e-02 1.118007431354938880e-01 -6.900602624613814962e-02
-9.759000584064878026e-02 1.151666036531445864e-01 -8.781337071462472221e-02
-9.759000584064880801e-02 1.153198487769223624e-01 -5.192101804066506093e-02
-9.759000584064880801e-02 1.152023968163017886e-01 -4.867084514278595397e-02
-9.759000584064878026e-02 1.154438313012061401e-01 -5.247784718252263003e-02
-9.759000584064882189e-02 1.180874730540696915e-01 -5.826625834021194328e-02
-9.759000584064882189e-02 1.148210093604828674e-01 -5.251656768918783191e-02
-9.759000584064878026e-02 1.241186482404919716e-01 -7.455039831725621124e-02
-9.759000584064878026e-02 7.223268796684997883e-02 -7.433724306921492275e-02
-9.759000584064878026e-02 9.973396490225629185e-02 6.305706807467856834e-01
-9.759000584064878026e-02 8.524292497010386993e-02 5.095246865531612990e-01
